{"producer":{"name":"Blender","version":"2.79 (sub 0)","exporter_version":"5.6.4","file":"ghost_uv.babylon"},
"autoClear":true,"clearColor":[0.0509,0.0509,0.0509],"ambientColor":[0,0,0],"gravity":[0,-9.81,0],
"materials":[{"name":"ghost_uv.texture","id":"ghost_uv.texture","ambient":[0.8,0.8,0.8],"diffuse":[0.64,0.64,0.64],"specular":[0.5,0.5,0.5],"emissive":[0,0,0],"specularPower":50,"alpha":0,"backFaceCulling":true,"checkReadyOnlyOnce":false,"maxSimultaneousLights":4, 
"diffuseTexture":{"name":"ghost_texture.png","level":1,"hasAlpha":1,"coordinatesMode":0,"uOffset":0,"vOffset":0,"uScale":1,"vScale":1,"uAng":0,"vAng":0,"wAng":0,"wrapU":1,"wrapV":1,"coordinatesIndex":0}}],
"multiMaterials":[],
"skeletons":[{"name":"fantome","id":0,"dimensionsAtRest":[7.8318,9.5712,5.4484],"bones":[
{"name":"root","index":0,"matrix":[1,0,0,0,0,1,0,0,0,0,-1,0,0,0,0,1],"rest":[1,0,0,0,0,1,0,0,0,0,-1,0,0,0,0,1],"parentBoneIndex":-1,"length":3.0362
,"animation":{"dataType":3,"framePerSecond":50,"keys":[
{"frame":0,"values":[1,0,0,0,0,1,0,0,0,0,-1,0,0,0,0,1]},
{"frame":30,"values":[1,0,0,0,0,1,0,0,0,0,-1,0,0,0,0,1]},
{"frame":40,"values":[1,0,0,0,0,1,0,0,0,0,-1,0,0,0,0,1]},
{"frame":120,"values":[1,0,0,0,0,1,0,0,0,0,-1,0,0,0,0,1]}],"loopBehavior":1,"name":"anim","property":"_matrix"}},
{"name":"bassin","index":1,"matrix":[1,0,0,0,0,1,0,0,0,0,1,0,0,3.2053,-0.2646,1],"rest":[1,0,0,0,0,1,0,0,0,0,1,0,0,3.0247,-0.2646,1],"parentBoneIndex":0,"length":3.2425
,"animation":{"dataType":3,"framePerSecond":50,"keys":[
{"frame":0,"values":[1,0,0,0,0,0.8181,0.575,0,0,-0.575,0.8181,0,0,3.0336,-0.2646,1]},
{"frame":1,"values":[1,0,0,0,0,0.8181,0.575,0,0,-0.575,0.8181,0,0,3.0039,-0.2646,1]},
{"frame":2,"values":[1,0,0,0,0,0.8181,0.575,0,0,-0.575,0.8181,0,0,2.9786,-0.2646,1]},
{"frame":3,"values":[1,0,0,0,0,0.8181,0.575,0,0,-0.575,0.8181,0,0,2.958,-0.2646,1]},
{"frame":4,"values":[1,0,0,0,0,0.8181,0.575,0,0,-0.575,0.8181,0,0,2.9427,-0.2646,1]},
{"frame":5,"values":[1,0,0,0,0,0.8181,0.575,0,0,-0.575,0.8181,0,0,2.9331,-0.2646,1]},
{"frame":6,"values":[1,0,0,0,0,0.8181,0.575,0,0,-0.575,0.8181,0,0,2.9299,-0.2646,1]},
{"frame":7,"values":[1,0,0,0,0,0.8181,0.575,0,0,-0.575,0.8181,0,0,2.9333,-0.2646,1]},
{"frame":8,"values":[1,0,0,0,0,0.8181,0.575,0,0,-0.575,0.8181,0,0,2.9435,-0.2646,1]},
{"frame":9,"values":[1,0,0,0,0,0.8181,0.575,0,0,-0.575,0.8181,0,0,2.9602,-0.2646,1]},
{"frame":10,"values":[1,0,0,0,0,0.8181,0.575,0,0,-0.575,0.8181,0,0,2.9828,-0.2646,1]},
{"frame":11,"values":[1,0,0,0,0,0.8181,0.575,0,0,-0.575,0.8181,0,0,3.0098,-0.2646,1]},
{"frame":12,"values":[1,0,0,0,0,0.8181,0.575,0,0,-0.575,0.8181,0,0,3.0396,-0.2646,1]},
{"frame":13,"values":[1,0,0,0,0,0.8181,0.575,0,0,-0.575,0.8181,0,0,3.0701,-0.2646,1]},
{"frame":14,"values":[1,0,0,0,0,0.8181,0.575,0,0,-0.575,0.8181,0,0,3.0993,-0.2646,1]},
{"frame":15,"values":[1,0,0,0,0,0.8181,0.575,0,0,-0.575,0.8181,0,0,3.1256,-0.2646,1]},
{"frame":16,"values":[1,0,0,0,0,0.8181,0.575,0,0,-0.575,0.8181,0,0,3.1481,-0.2646,1]},
{"frame":17,"values":[1,0,0,0,0,0.8181,0.575,0,0,-0.575,0.8181,0,0,3.1659,-0.2646,1]},
{"frame":18,"values":[1,0,0,0,0,0.8181,0.575,0,0,-0.575,0.8181,0,0,3.179,-0.2646,1]},
{"frame":19,"values":[1,0,0,0,0,0.8181,0.575,0,0,-0.575,0.8181,0,0,3.1872,-0.2646,1]},
{"frame":20,"values":[1,0,0,0,0,0.8181,0.575,0,0,-0.575,0.8181,0,0,3.1908,-0.2646,1]},
{"frame":21,"values":[1,0,0,0,0,0.8181,0.575,0,0,-0.575,0.8181,0,0,3.1901,-0.2646,1]},
{"frame":22,"values":[1,0,0,0,0,0.8181,0.575,0,0,-0.575,0.8181,0,0,3.1853,-0.2646,1]},
{"frame":23,"values":[1,0,0,0,0,0.8181,0.575,0,0,-0.575,0.8181,0,0,3.1767,-0.2646,1]},
{"frame":24,"values":[1,0,0,0,0,0.8181,0.575,0,0,-0.575,0.8181,0,0,3.1646,-0.2646,1]},
{"frame":25,"values":[1,0,0,0,0,0.8181,0.575,0,0,-0.575,0.8181,0,0,3.1493,-0.2646,1]},
{"frame":26,"values":[1,0,0,0,0,0.8181,0.575,0,0,-0.575,0.8181,0,0,3.1312,-0.2646,1]},
{"frame":27,"values":[1,0,0,0,0,0.8181,0.575,0,0,-0.575,0.8181,0,0,3.1103,-0.2646,1]},
{"frame":28,"values":[1,0,0,0,0,0.8181,0.575,0,0,-0.575,0.8181,0,0,3.087,-0.2646,1]},
{"frame":29,"values":[1,0,0,0,0,0.8181,0.575,0,0,-0.575,0.8181,0,0,3.0613,-0.2646,1]},
{"frame":30,"values":[1,0,0,0,0,0.8181,0.575,0,0,-0.575,0.8181,0,0,3.0336,-0.2646,1]},
{"frame":40,"values":[1,0,0,0,0,1,0,0,0,0,1,0,0,3.0336,-0.2646,1]},
{"frame":41,"values":[1,0,0,0,0,1,0,0,0,0,1,0,0,3.0146,-0.2646,1]},
{"frame":42,"values":[1,0,0,0,0,1,0,0,0,0,1,0,0,2.9965,-0.2646,1]},
{"frame":43,"values":[1,0,0,0,0,1,0,0,0,0,1,0,0,2.979,-0.2646,1]},
{"frame":44,"values":[1,0,0,0,0,1,0,0,0,0,1,0,0,2.9624,-0.2646,1]},
{"frame":45,"values":[1,0,0,0,0,1,0,0,0,0,1,0,0,2.9466,-0.2646,1]},
{"frame":46,"values":[1,0,0,0,0,1,0,0,0,0,1,0,0,2.9316,-0.2646,1]},
{"frame":47,"values":[1,0,0,0,0,1,0,0,0,0,1,0,0,2.9175,-0.2646,1]},
{"frame":48,"values":[1,0,0,0,0,1,0,0,0,0,1,0,0,2.9043,-0.2646,1]},
{"frame":49,"values":[1,0,0,0,0,1,0,0,0,0,1,0,0,2.8919,-0.2646,1]},
{"frame":50,"values":[1,0,0,0,0,1,0,0,0,0,1,0,0,2.8805,-0.2646,1]},
{"frame":51,"values":[1,0,0,0,0,1,0,0,0,0,1,0,0,2.87,-0.2646,1]},
{"frame":52,"values":[1,0,0,0,0,1,0,0,0,0,1,0,0,2.8605,-0.2646,1]},
{"frame":53,"values":[1,0,0,0,0,1,0,0,0,0,1,0,0,2.852,-0.2646,1]},
{"frame":54,"values":[1,0,0,0,0,1,0,0,0,0,1,0,0,2.8445,-0.2646,1]},
{"frame":55,"values":[1,0,0,0,0,1,0,0,0,0,1,0,0,2.8381,-0.2646,1]},
{"frame":56,"values":[1,0,0,0,0,1,0,0,0,0,1,0,0,2.8327,-0.2646,1]},
{"frame":57,"values":[1,0,0,0,0,1,0,0,0,0,1,0,0,2.8283,-0.2646,1]},
{"frame":58,"values":[1,0,0,0,0,1,0,0,0,0,1,0,0,2.8251,-0.2646,1]},
{"frame":59,"values":[1,0,0,0,0,1,0,0,0,0,1,0,0,2.823,-0.2646,1]},
{"frame":60,"values":[1,0,0,0,0,1,0,0,0,0,1,0,0,2.822,-0.2646,1]},
{"frame":61,"values":[1,0,0,0,0,1,0,0,0,0,1,0,0,2.8222,-0.2646,1]},
{"frame":62,"values":[1,0,0,0,0,1,0,0,0,0,1,0,0,2.8234,-0.2646,1]},
{"frame":63,"values":[1,0,0,0,0,1,0,0,0,0,1,0,0,2.8259,-0.2646,1]},
{"frame":64,"values":[1,0,0,0,0,1,0,0,0,0,1,0,0,2.8295,-0.2646,1]},
{"frame":65,"values":[1,0,0,0,0,1,0,0,0,0,1,0,0,2.8342,-0.2646,1]},
{"frame":66,"values":[1,0,0,0,0,1,0,0,0,0,1,0,0,2.84,-0.2646,1]},
{"frame":67,"values":[1,0,0,0,0,1,0,0,0,0,1,0,0,2.847,-0.2646,1]},
{"frame":68,"values":[1,0,0,0,0,1,0,0,0,0,1,0,0,2.8551,-0.2646,1]},
{"frame":69,"values":[1,0,0,0,0,1,0,0,0,0,1,0,0,2.8642,-0.2646,1]},
{"frame":70,"values":[1,0,0,0,0,1,0,0,0,0,1,0,0,2.8743,-0.2646,1]},
{"frame":71,"values":[1,0,0,0,0,1,0,0,0,0,1,0,0,2.8854,-0.2646,1]},
{"frame":72,"values":[1,0,0,0,0,1,0,0,0,0,1,0,0,2.8975,-0.2646,1]},
{"frame":73,"values":[1,0,0,0,0,1,0,0,0,0,1,0,0,2.9103,-0.2646,1]},
{"frame":74,"values":[1,0,0,0,0,1,0,0,0,0,1,0,0,2.924,-0.2646,1]},
{"frame":75,"values":[1,0,0,0,0,1,0,0,0,0,1,0,0,2.9383,-0.2646,1]},
{"frame":76,"values":[1,0,0,0,0,1,0,0,0,0,1,0,0,2.9533,-0.2646,1]},
{"frame":77,"values":[1,0,0,0,0,1,0,0,0,0,1,0,0,2.9687,-0.2646,1]},
{"frame":78,"values":[1,0,0,0,0,1,0,0,0,0,1,0,0,2.9846,-0.2646,1]},
{"frame":79,"values":[1,0,0,0,0,1,0,0,0,0,1,0,0,3.0007,-0.2646,1]},
{"frame":80,"values":[1,0,0,0,0,1,0,0,0,0,1,0,0,3.017,-0.2646,1]},
{"frame":81,"values":[1,0,0,0,0,1,0,0,0,0,1,0,0,3.0334,-0.2646,1]},
{"frame":82,"values":[1,0,0,0,0,1,0,0,0,0,1,0,0,3.0497,-0.2646,1]},
{"frame":83,"values":[1,0,0,0,0,1,0,0,0,0,1,0,0,3.0659,-0.2646,1]},
{"frame":84,"values":[1,0,0,0,0,1,0,0,0,0,1,0,0,3.0817,-0.2646,1]},
{"frame":85,"values":[1,0,0,0,0,1,0,0,0,0,1,0,0,3.0972,-0.2646,1]},
{"frame":86,"values":[1,0,0,0,0,1,0,0,0,0,1,0,0,3.1122,-0.2646,1]},
{"frame":87,"values":[1,0,0,0,0,1,0,0,0,0,1,0,0,3.1265,-0.2646,1]},
{"frame":88,"values":[1,0,0,0,0,1,0,0,0,0,1,0,0,3.1402,-0.2646,1]},
{"frame":89,"values":[1,0,0,0,0,1,0,0,0,0,1,0,0,3.153,-0.2646,1]},
{"frame":90,"values":[1,0,0,0,0,1,0,0,0,0,1,0,0,3.1651,-0.2646,1]},
{"frame":91,"values":[1,0,0,0,0,1,0,0,0,0,1,0,0,3.1762,-0.2646,1]},
{"frame":92,"values":[1,0,0,0,0,1,0,0,0,0,1,0,0,3.1863,-0.2646,1]},
{"frame":93,"values":[1,0,0,0,0,1,0,0,0,0,1,0,0,3.1954,-0.2646,1]},
{"frame":94,"values":[1,0,0,0,0,1,0,0,0,0,1,0,0,3.2035,-0.2646,1]},
{"frame":95,"values":[1,0,0,0,0,1,0,0,0,0,1,0,0,3.2105,-0.2646,1]},
{"frame":96,"values":[1,0,0,0,0,1,0,0,0,0,1,0,0,3.2163,-0.2646,1]},
{"frame":97,"values":[1,0,0,0,0,1,0,0,0,0,1,0,0,3.221,-0.2646,1]},
{"frame":98,"values":[1,0,0,0,0,1,0,0,0,0,1,0,0,3.2245,-0.2646,1]},
{"frame":99,"values":[1,0,0,0,0,1,0,0,0,0,1,0,0,3.2269,-0.2646,1]},
{"frame":100,"values":[1,0,0,0,0,1,0,0,0,0,1,0,0,3.2282,-0.2646,1]},
{"frame":101,"values":[1,0,0,0,0,1,0,0,0,0,1,0,0,3.2283,-0.2646,1]},
{"frame":102,"values":[1,0,0,0,0,1,0,0,0,0,1,0,0,3.2272,-0.2646,1]},
{"frame":103,"values":[1,0,0,0,0,1,0,0,0,0,1,0,0,3.2251,-0.2646,1]},
{"frame":104,"values":[1,0,0,0,0,1,0,0,0,0,1,0,0,3.2218,-0.2646,1]},
{"frame":105,"values":[1,0,0,0,0,1,0,0,0,0,1,0,0,3.2174,-0.2646,1]},
{"frame":106,"values":[1,0,0,0,0,1,0,0,0,0,1,0,0,3.2119,-0.2646,1]},
{"frame":107,"values":[1,0,0,0,0,1,0,0,0,0,1,0,0,3.2053,-0.2646,1]},
{"frame":108,"values":[1,0,0,0,0,1,0,0,0,0,1,0,0,3.1977,-0.2646,1]},
{"frame":109,"values":[1,0,0,0,0,1,0,0,0,0,1,0,0,3.1891,-0.2646,1]},
{"frame":110,"values":[1,0,0,0,0,1,0,0,0,0,1,0,0,3.1795,-0.2646,1]},
{"frame":111,"values":[1,0,0,0,0,1,0,0,0,0,1,0,0,3.1689,-0.2646,1]},
{"frame":112,"values":[1,0,0,0,0,1,0,0,0,0,1,0,0,3.1574,-0.2646,1]},
{"frame":113,"values":[1,0,0,0,0,1,0,0,0,0,1,0,0,3.1449,-0.2646,1]},
{"frame":114,"values":[1,0,0,0,0,1,0,0,0,0,1,0,0,3.1316,-0.2646,1]},
{"frame":115,"values":[1,0,0,0,0,1,0,0,0,0,1,0,0,3.1173,-0.2646,1]},
{"frame":116,"values":[1,0,0,0,0,1,0,0,0,0,1,0,0,3.1022,-0.2646,1]},
{"frame":117,"values":[1,0,0,0,0,1,0,0,0,0,1,0,0,3.0862,-0.2646,1]},
{"frame":118,"values":[1,0,0,0,0,1,0,0,0,0,1,0,0,3.0695,-0.2646,1]},
{"frame":119,"values":[1,0,0,0,0,1,0,0,0,0,1,0,0,3.0519,-0.2646,1]},
{"frame":120,"values":[1,0,0,0,0,1,0,0,0,0,1,0,0,3.0336,-0.2646,1]}],"loopBehavior":1,"name":"anim","property":"_matrix"}},
{"name":"cou","index":2,"matrix":[1,0,0,0,0,0.998,-0.0626,0,0,0.0626,0.998,0,0,1.7756,0.0016,1],"rest":[1,0,0,0,0,1,0,0,0,0,1,0,0,1.7959,-0.0126,1],"parentBoneIndex":1,"length":2.3757
,"animation":{"dataType":3,"framePerSecond":50,"keys":[
{"frame":0,"values":[1,0,0,0,0,0.9982,-0.0604,0,0,0.0604,0.9982,0,0,1.7959,-0.0126,1]},
{"frame":1,"values":[1,0,0,0,0,0.9961,-0.0878,0,0,0.0878,0.9961,0,0,1.7959,-0.0126,1]},
{"frame":2,"values":[1,0,0,0,0,0.9945,-0.1052,0,0,0.1052,0.9945,0,0,1.7959,-0.0126,1]},
{"frame":3,"values":[1,0,0,0,0,0.9933,-0.1153,0,0,0.1153,0.9933,0,0,1.7959,-0.0126,1]},
{"frame":4,"values":[1,0,0,0,0,0.9928,-0.1199,0,0,0.1199,0.9928,0,0,1.7959,-0.0126,1]},
{"frame":5,"values":[1,0,0,0,0,0.9927,-0.1203,0,0,0.1203,0.9927,0,0,1.7959,-0.0126,1]},
{"frame":6,"values":[1,0,0,0,0,0.9931,-0.1171,0,0,0.1171,0.9931,0,0,1.7959,-0.0126,1]},
{"frame":7,"values":[1,0,0,0,0,0.9938,-0.1113,0,0,0.1113,0.9938,0,0,1.7959,-0.0126,1]},
{"frame":8,"values":[1,0,0,0,0,0.9947,-0.1033,0,0,0.1033,0.9947,0,0,1.7959,-0.0126,1]},
{"frame":9,"values":[1,0,0,0,0,0.9956,-0.0935,0,0,0.0935,0.9956,0,0,1.7959,-0.0126,1]},
{"frame":10,"values":[1,0,0,0,0,0.9966,-0.0823,0,0,0.0823,0.9966,0,0,1.7959,-0.0126,1]},
{"frame":11,"values":[1,0,0,0,0,0.9975,-0.07,0,0,0.07,0.9975,0,0,1.7959,-0.0126,1]},
{"frame":12,"values":[1,0,0,0,0,0.9984,-0.0571,0,0,0.0571,0.9984,0,0,1.7959,-0.0126,1]},
{"frame":13,"values":[1,0,0,0,0,0.9991,-0.0436,0,0,0.0436,0.9991,0,0,1.7959,-0.0126,1]},
{"frame":14,"values":[1,0,0,0,0,0.9996,-0.0299,0,0,0.0299,0.9996,0,0,1.7959,-0.0126,1]},
{"frame":15,"values":[1,0,0,0,0,0.9999,-0.0162,0,0,0.0162,0.9999,0,0,1.7959,-0.0126,1]},
{"frame":16,"values":[1,0,0,0,0,1,-0.0028,0,0,0.0028,1,0,0,1.7959,-0.0126,1]},
{"frame":17,"values":[1,0,0,0,0,0.9999,0.01,0,0,-0.01,0.9999,0,0,1.7959,-0.0126,1]},
{"frame":18,"values":[1,0,0,0,0,0.9998,0.0221,0,0,-0.0221,0.9998,0,0,1.7959,-0.0126,1]},
{"frame":19,"values":[1,0,0,0,0,0.9995,0.0331,0,0,-0.0331,0.9995,0,0,1.7959,-0.0126,1]},
{"frame":20,"values":[1,0,0,0,0,0.9991,0.0428,0,0,-0.0428,0.9991,0,0,1.7959,-0.0126,1]},
{"frame":21,"values":[1,0,0,0,0,0.9987,0.0507,0,0,-0.0507,0.9987,0,0,1.7959,-0.0126,1]},
{"frame":22,"values":[1,0,0,0,0,0.9984,0.0566,0,0,-0.0566,0.9984,0,0,1.7959,-0.0126,1]},
{"frame":23,"values":[1,0,0,0,0,0.9982,0.0599,0,0,-0.0599,0.9982,0,0,1.7959,-0.0126,1]},
{"frame":24,"values":[1,0,0,0,0,0.9982,0.0602,0,0,-0.0602,0.9982,0,0,1.7959,-0.0126,1]},
{"frame":25,"values":[1,0,0,0,0,0.9984,0.0568,0,0,-0.0568,0.9984,0,0,1.7959,-0.0126,1]},
{"frame":26,"values":[1,0,0,0,0,0.9988,0.0487,0,0,-0.0487,0.9988,0,0,1.7959,-0.0126,1]},
{"frame":27,"values":[1,0,0,0,0,0.9994,0.0349,0,0,-0.0349,0.9994,0,0,1.7959,-0.0126,1]},
{"frame":28,"values":[1,0,0,0,0,0.9999,0.0139,0,0,-0.0139,0.9999,0,0,1.7959,-0.0126,1]},
{"frame":29,"values":[1,0,0,0,0,0.9999,-0.0167,0,0,0.0167,0.9999,0,0,1.7959,-0.0126,1]},
{"frame":30,"values":[1,0,0,0,0,0.9982,-0.0604,0,0,0.0604,0.9982,0,0,1.7959,-0.0126,1]},
{"frame":40,"values":[1,0,0,0,0,1,0,0,0,0,1,0,0,1.7756,0.0016,1]},
{"frame":41,"values":[1,0,0,0,0,1,0.0065,0,0,-0.0065,1,0,0,1.7756,0.0016,1]},
{"frame":42,"values":[1,0,0,0,0,0.9999,0.0126,0,0,-0.0126,0.9999,0,0,1.7756,0.0016,1]},
{"frame":43,"values":[1,0,0,0,0,0.9998,0.0184,0,0,-0.0184,0.9998,0,0,1.7756,0.0016,1]},
{"frame":44,"values":[1,0,0,0,0,0.9997,0.0239,0,0,-0.0239,0.9997,0,0,1.7756,0.0016,1]},
{"frame":45,"values":[1,0,0,0,0,0.9996,0.0291,0,0,-0.0291,0.9996,0,0,1.7756,0.0016,1]},
{"frame":46,"values":[1,0,0,0,0,0.9994,0.0339,0,0,-0.0339,0.9994,0,0,1.7756,0.0016,1]},
{"frame":47,"values":[1,0,0,0,0,0.9993,0.0384,0,0,-0.0384,0.9993,0,0,1.7756,0.0016,1]},
{"frame":48,"values":[1,0,0,0,0,0.9991,0.0426,0,0,-0.0426,0.9991,0,0,1.7756,0.0016,1]},
{"frame":49,"values":[1,0,0,0,0,0.9989,0.0464,0,0,-0.0464,0.9989,0,0,1.7756,0.0016,1]},
{"frame":50,"values":[1,0,0,0,0,0.9988,0.0499,0,0,-0.0499,0.9988,0,0,1.7756,0.0016,1]},
{"frame":51,"values":[1,0,0,0,0,0.9986,0.0531,0,0,-0.0531,0.9986,0,0,1.7756,0.0016,1]},
{"frame":52,"values":[1,0,0,0,0,0.9984,0.0559,0,0,-0.0559,0.9984,0,0,1.7756,0.0016,1]},
{"frame":53,"values":[1,0,0,0,0,0.9983,0.0584,0,0,-0.0584,0.9983,0,0,1.7756,0.0016,1]},
{"frame":54,"values":[1,0,0,0,0,0.9982,0.0605,0,0,-0.0605,0.9982,0,0,1.7756,0.0016,1]},
{"frame":55,"values":[1,0,0,0,0,0.9981,0.0623,0,0,-0.0623,0.9981,0,0,1.7756,0.0016,1]},
{"frame":56,"values":[1,0,0,0,0,0.998,0.0638,0,0,-0.0638,0.998,0,0,1.7756,0.0016,1]},
{"frame":57,"values":[1,0,0,0,0,0.9979,0.0649,0,0,-0.0649,0.9979,0,0,1.7756,0.0016,1]},
{"frame":58,"values":[1,0,0,0,0,0.9978,0.0657,0,0,-0.0657,0.9978,0,0,1.7756,0.0016,1]},
{"frame":59,"values":[1,0,0,0,0,0.9978,0.0661,0,0,-0.0661,0.9978,0,0,1.7756,0.0016,1]},
{"frame":60,"values":[1,0,0,0,0,0.9978,0.0662,0,0,-0.0662,0.9978,0,0,1.7756,0.0016,1]},
{"frame":61,"values":[1,0,0,0,0,0.9978,0.066,0,0,-0.066,0.9978,0,0,1.7756,0.0016,1]},
{"frame":62,"values":[1,0,0,0,0,0.9979,0.0655,0,0,-0.0655,0.9979,0,0,1.7756,0.0016,1]},
{"frame":63,"values":[1,0,0,0,0,0.9979,0.0646,0,0,-0.0646,0.9979,0,0,1.7756,0.0016,1]},
{"frame":64,"values":[1,0,0,0,0,0.998,0.0635,0,0,-0.0635,0.998,0,0,1.7756,0.0016,1]},
{"frame":65,"values":[1,0,0,0,0,0.9981,0.062,0,0,-0.062,0.9981,0,0,1.7756,0.0016,1]},
{"frame":66,"values":[1,0,0,0,0,0.9982,0.0603,0,0,-0.0603,0.9982,0,0,1.7756,0.0016,1]},
{"frame":67,"values":[1,0,0,0,0,0.9983,0.0582,0,0,-0.0582,0.9983,0,0,1.7756,0.0016,1]},
{"frame":68,"values":[1,0,0,0,0,0.9984,0.0559,0,0,-0.0559,0.9984,0,0,1.7756,0.0016,1]},
{"frame":69,"values":[1,0,0,0,0,0.9986,0.0533,0,0,-0.0533,0.9986,0,0,1.7756,0.0016,1]},
{"frame":70,"values":[1,0,0,0,0,0.9987,0.0504,0,0,-0.0504,0.9987,0,0,1.7756,0.0016,1]},
{"frame":71,"values":[1,0,0,0,0,0.9989,0.0473,0,0,-0.0473,0.9989,0,0,1.7756,0.0016,1]},
{"frame":72,"values":[1,0,0,0,0,0.999,0.044,0,0,-0.044,0.999,0,0,1.7756,0.0016,1]},
{"frame":73,"values":[1,0,0,0,0,0.9992,0.0404,0,0,-0.0404,0.9992,0,0,1.7756,0.0016,1]},
{"frame":74,"values":[1,0,0,0,0,0.9993,0.0366,0,0,-0.0366,0.9993,0,0,1.7756,0.0016,1]},
{"frame":75,"values":[1,0,0,0,0,0.9995,0.0327,0,0,-0.0327,0.9995,0,0,1.7756,0.0016,1]},
{"frame":76,"values":[1,0,0,0,0,0.9996,0.0286,0,0,-0.0286,0.9996,0,0,1.7756,0.0016,1]},
{"frame":77,"values":[1,0,0,0,0,0.9997,0.0243,0,0,-0.0243,0.9997,0,0,1.7756,0.0016,1]},
{"frame":78,"values":[1,0,0,0,0,0.9998,0.0199,0,0,-0.0199,0.9998,0,0,1.7756,0.0016,1]},
{"frame":79,"values":[1,0,0,0,0,0.9999,0.0154,0,0,-0.0154,0.9999,0,0,1.7756,0.0016,1]},
{"frame":80,"values":[1,0,0,0,0,0.9999,0.0108,0,0,-0.0108,0.9999,0,0,1.7756,0.0016,1]},
{"frame":81,"values":[1,0,0,0,0,1,0.0061,0,0,-0.0061,1,0,0,1.7756,0.0016,1]},
{"frame":82,"values":[1,0,0,0,0,1,0.0014,0,0,-0.0014,1,0,0,1.7756,0.0016,1]},
{"frame":83,"values":[1,0,0,0,0,1,-0.0034,0,0,0.0034,1,0,0,1.7756,0.0016,1]},
{"frame":84,"values":[1,0,0,0,0,1,-0.0081,0,0,0.0081,1,0,0,1.7756,0.0016,1]},
{"frame":85,"values":[1,0,0,0,0,0.9999,-0.0128,0,0,0.0128,0.9999,0,0,1.7756,0.0016,1]},
{"frame":86,"values":[1,0,0,0,0,0.9998,-0.0175,0,0,0.0175,0.9998,0,0,1.7756,0.0016,1]},
{"frame":87,"values":[1,0,0,0,0,0.9998,-0.0221,0,0,0.0221,0.9998,0,0,1.7756,0.0016,1]},
{"frame":88,"values":[1,0,0,0,0,0.9996,-0.0265,0,0,0.0265,0.9996,0,0,1.7756,0.0016,1]},
{"frame":89,"values":[1,0,0,0,0,0.9995,-0.0309,0,0,0.0309,0.9995,0,0,1.7756,0.0016,1]},
{"frame":90,"values":[1,0,0,0,0,0.9994,-0.0351,0,0,0.0351,0.9994,0,0,1.7756,0.0016,1]},
{"frame":91,"values":[1,0,0,0,0,0.9992,-0.0391,0,0,0.0391,0.9992,0,0,1.7756,0.0016,1]},
{"frame":92,"values":[1,0,0,0,0,0.9991,-0.043,0,0,0.043,0.9991,0,0,1.7756,0.0016,1]},
{"frame":93,"values":[1,0,0,0,0,0.9989,-0.0466,0,0,0.0466,0.9989,0,0,1.7756,0.0016,1]},
{"frame":94,"values":[1,0,0,0,0,0.9988,-0.0499,0,0,0.0499,0.9988,0,0,1.7756,0.0016,1]},
{"frame":95,"values":[1,0,0,0,0,0.9986,-0.053,0,0,0.053,0.9986,0,0,1.7756,0.0016,1]},
{"frame":96,"values":[1,0,0,0,0,0.9984,-0.0558,0,0,0.0558,0.9984,0,0,1.7756,0.0016,1]},
{"frame":97,"values":[1,0,0,0,0,0.9983,-0.0583,0,0,0.0583,0.9983,0,0,1.7756,0.0016,1]},
{"frame":98,"values":[1,0,0,0,0,0.9982,-0.0605,0,0,0.0605,0.9982,0,0,1.7756,0.0016,1]},
{"frame":99,"values":[1,0,0,0,0,0.9981,-0.0623,0,0,0.0623,0.9981,0,0,1.7756,0.0016,1]},
{"frame":100,"values":[1,0,0,0,0,0.998,-0.0638,0,0,0.0638,0.998,0,0,1.7756,0.0016,1]},
{"frame":101,"values":[1,0,0,0,0,0.9979,-0.0648,0,0,0.0648,0.9979,0,0,1.7756,0.0016,1]},
{"frame":102,"values":[1,0,0,0,0,0.9979,-0.0655,0,0,0.0655,0.9979,0,0,1.7756,0.0016,1]},
{"frame":103,"values":[1,0,0,0,0,0.9978,-0.0658,0,0,0.0658,0.9978,0,0,1.7756,0.0016,1]},
{"frame":104,"values":[1,0,0,0,0,0.9978,-0.0656,0,0,0.0656,0.9978,0,0,1.7756,0.0016,1]},
{"frame":105,"values":[1,0,0,0,0,0.9979,-0.0651,0,0,0.0651,0.9979,0,0,1.7756,0.0016,1]},
{"frame":106,"values":[1,0,0,0,0,0.9979,-0.064,0,0,0.064,0.9979,0,0,1.7756,0.0016,1]},
{"frame":107,"values":[1,0,0,0,0,0.998,-0.0626,0,0,0.0626,0.998,0,0,1.7756,0.0016,1]},
{"frame":108,"values":[1,0,0,0,0,0.9982,-0.0606,0,0,0.0606,0.9982,0,0,1.7756,0.0016,1]},
{"frame":109,"values":[1,0,0,0,0,0.9983,-0.0582,0,0,0.0582,0.9983,0,0,1.7756,0.0016,1]},
{"frame":110,"values":[1,0,0,0,0,0.9985,-0.0553,0,0,0.0553,0.9985,0,0,1.7756,0.0016,1]},
{"frame":111,"values":[1,0,0,0,0,0.9986,-0.052,0,0,0.052,0.9986,0,0,1.7756,0.0016,1]},
{"frame":112,"values":[1,0,0,0,0,0.9988,-0.0482,0,0,0.0482,0.9988,0,0,1.7756,0.0016,1]},
{"frame":113,"values":[1,0,0,0,0,0.999,-0.0438,0,0,0.0438,0.999,0,0,1.7756,0.0016,1]},
{"frame":114,"values":[1,0,0,0,0,0.9992,-0.039,0,0,0.039,0.9992,0,0,1.7756,0.0016,1]},
{"frame":115,"values":[1,0,0,0,0,0.9994,-0.0338,0,0,0.0338,0.9994,0,0,1.7756,0.0016,1]},
{"frame":116,"values":[1,0,0,0,0,0.9996,-0.028,0,0,0.028,0.9996,0,0,1.7756,0.0016,1]},
{"frame":117,"values":[1,0,0,0,0,0.9998,-0.0217,0,0,0.0217,0.9998,0,0,1.7756,0.0016,1]},
{"frame":118,"values":[1,0,0,0,0,0.9999,-0.015,0,0,0.015,0.9999,0,0,1.7756,0.0016,1]},
{"frame":119,"values":[1,0,0,0,0,1,-0.0077,0,0,0.0077,1,0,0,1.7756,0.0016,1]},
{"frame":120,"values":[1,0,0,0,0,1,0,0,0,0,1,0,0,1.7756,0.0016,1]}],"loopBehavior":1,"name":"anim","property":"_matrix"}},
{"name":"tete","index":3,"matrix":[1,0,0,0,0,0.9979,-0.0652,0,0,0.0652,0.9979,0,0,2.3749,0.0639,1],"rest":[1,0,0,0,0,1,0,0,0,0,1,0,0,2.3749,0.0639,1],"parentBoneIndex":2,"length":2.3757
,"animation":{"dataType":3,"framePerSecond":50,"keys":[
{"frame":0,"values":[1,0,0,0,0,1,0,0,0,0,1,0,0,2.3749,0.0639,1]},
{"frame":30,"values":[1,0,0,0,0,1,0,0,0,0,1,0,0,2.3749,0.0639,1]},
{"frame":40,"values":[1,0,0,0,0,1,0,0,0,0,1,0,0,2.3749,0.0639,1]},
{"frame":41,"values":[1,0,0,0,0,1,0.0065,0,0,-0.0065,1,0,0,2.3749,0.0639,1]},
{"frame":42,"values":[1,0,0,0,0,0.9999,0.0126,0,0,-0.0126,0.9999,0,0,2.3749,0.0639,1]},
{"frame":43,"values":[1,0,0,0,0,0.9998,0.0184,0,0,-0.0184,0.9998,0,0,2.3749,0.0639,1]},
{"frame":44,"values":[1,0,0,0,0,0.9997,0.0239,0,0,-0.0239,0.9997,0,0,2.3749,0.0639,1]},
{"frame":45,"values":[1,0,0,0,0,0.9996,0.0291,0,0,-0.0291,0.9996,0,0,2.3749,0.0639,1]},
{"frame":46,"values":[1,0,0,0,0,0.9994,0.0339,0,0,-0.0339,0.9994,0,0,2.3749,0.0639,1]},
{"frame":47,"values":[1,0,0,0,0,0.9993,0.0384,0,0,-0.0384,0.9993,0,0,2.3749,0.0639,1]},
{"frame":48,"values":[1,0,0,0,0,0.9991,0.0425,0,0,-0.0425,0.9991,0,0,2.3749,0.0639,1]},
{"frame":49,"values":[1,0,0,0,0,0.9989,0.0463,0,0,-0.0463,0.9989,0,0,2.3749,0.0639,1]},
{"frame":50,"values":[1,0,0,0,0,0.9988,0.0498,0,0,-0.0498,0.9988,0,0,2.3749,0.0639,1]},
{"frame":51,"values":[1,0,0,0,0,0.9986,0.0529,0,0,-0.0529,0.9986,0,0,2.3749,0.0639,1]},
{"frame":52,"values":[1,0,0,0,0,0.9984,0.0557,0,0,-0.0557,0.9984,0,0,2.3749,0.0639,1]},
{"frame":53,"values":[1,0,0,0,0,0.9983,0.0581,0,0,-0.0581,0.9983,0,0,2.3749,0.0639,1]},
{"frame":54,"values":[1,0,0,0,0,0.9982,0.0602,0,0,-0.0602,0.9982,0,0,2.3749,0.0639,1]},
{"frame":55,"values":[1,0,0,0,0,0.9981,0.062,0,0,-0.062,0.9981,0,0,2.3749,0.0639,1]},
{"frame":56,"values":[1,0,0,0,0,0.998,0.0634,0,0,-0.0634,0.998,0,0,2.3749,0.0639,1]},
{"frame":57,"values":[1,0,0,0,0,0.9979,0.0645,0,0,-0.0645,0.9979,0,0,2.3749,0.0639,1]},
{"frame":58,"values":[1,0,0,0,0,0.9979,0.0652,0,0,-0.0652,0.9979,0,0,2.3749,0.0639,1]},
{"frame":59,"values":[1,0,0,0,0,0.9978,0.0656,0,0,-0.0656,0.9978,0,0,2.3749,0.0639,1]},
{"frame":61,"values":[1,0,0,0,0,0.9979,0.0654,0,0,-0.0654,0.9979,0,0,2.3749,0.0639,1]},
{"frame":62,"values":[1,0,0,0,0,0.9979,0.0648,0,0,-0.0648,0.9979,0,0,2.3749,0.0639,1]},
{"frame":63,"values":[1,0,0,0,0,0.998,0.0639,0,0,-0.0639,0.998,0,0,2.3749,0.0639,1]},
{"frame":64,"values":[1,0,0,0,0,0.998,0.0626,0,0,-0.0626,0.998,0,0,2.3749,0.0639,1]},
{"frame":65,"values":[1,0,0,0,0,0.9981,0.0611,0,0,-0.0611,0.9981,0,0,2.3749,0.0639,1]},
{"frame":66,"values":[1,0,0,0,0,0.9982,0.0592,0,0,-0.0592,0.9982,0,0,2.3749,0.0639,1]},
{"frame":67,"values":[1,0,0,0,0,0.9984,0.0571,0,0,-0.0571,0.9984,0,0,2.3749,0.0639,1]},
{"frame":68,"values":[1,0,0,0,0,0.9985,0.0547,0,0,-0.0547,0.9985,0,0,2.3749,0.0639,1]},
{"frame":69,"values":[1,0,0,0,0,0.9986,0.052,0,0,-0.052,0.9986,0,0,2.3749,0.0639,1]},
{"frame":70,"values":[1,0,0,0,0,0.9988,0.049,0,0,-0.049,0.9988,0,0,2.3749,0.0639,1]},
{"frame":71,"values":[1,0,0,0,0,0.9989,0.0458,0,0,-0.0458,0.9989,0,0,2.3749,0.0639,1]},
{"frame":72,"values":[1,0,0,0,0,0.9991,0.0424,0,0,-0.0424,0.9991,0,0,2.3749,0.0639,1]},
{"frame":73,"values":[1,0,0,0,0,0.9992,0.0387,0,0,-0.0387,0.9992,0,0,2.3749,0.0639,1]},
{"frame":74,"values":[1,0,0,0,0,0.9994,0.0349,0,0,-0.0349,0.9994,0,0,2.3749,0.0639,1]},
{"frame":75,"values":[1,0,0,0,0,0.9995,0.0308,0,0,-0.0308,0.9995,0,0,2.3749,0.0639,1]},
{"frame":76,"values":[1,0,0,0,0,0.9996,0.0266,0,0,-0.0266,0.9996,0,0,2.3749,0.0639,1]},
{"frame":77,"values":[1,0,0,0,0,0.9998,0.0222,0,0,-0.0222,0.9998,0,0,2.3749,0.0639,1]},
{"frame":78,"values":[1,0,0,0,0,0.9998,0.0177,0,0,-0.0177,0.9998,0,0,2.3749,0.0639,1]},
{"frame":79,"values":[1,0,0,0,0,0.9999,0.0131,0,0,-0.0131,0.9999,0,0,2.3749,0.0639,1]},
{"frame":80,"values":[1,0,0,0,0,1,0.0084,0,0,-0.0084,1,0,0,2.3749,0.0639,1]},
{"frame":81,"values":[1,0,0,0,0,1,0.0036,0,0,-0.0036,1,0,0,2.3749,0.0639,1]},
{"frame":82,"values":[1,0,0,0,0,1,-0.0012,0,0,0.0012,1,0,0,2.3749,0.0639,1]},
{"frame":83,"values":[1,0,0,0,0,1,-0.006,0,0,0.006,1,0,0,2.3749,0.0639,1]},
{"frame":84,"values":[1,0,0,0,0,0.9999,-0.0109,0,0,0.0109,0.9999,0,0,2.3749,0.0639,1]},
{"frame":85,"values":[1,0,0,0,0,0.9999,-0.0157,0,0,0.0157,0.9999,0,0,2.3749,0.0639,1]},
{"frame":86,"values":[1,0,0,0,0,0.9998,-0.0204,0,0,0.0204,0.9998,0,0,2.3749,0.0639,1]},
{"frame":87,"values":[1,0,0,0,0,0.9997,-0.0251,0,0,0.0251,0.9997,0,0,2.3749,0.0639,1]},
{"frame":88,"values":[1,0,0,0,0,0.9996,-0.0296,0,0,0.0296,0.9996,0,0,2.3749,0.0639,1]},
{"frame":89,"values":[1,0,0,0,0,0.9994,-0.034,0,0,0.034,0.9994,0,0,2.3749,0.0639,1]},
{"frame":90,"values":[1,0,0,0,0,0.9993,-0.0383,0,0,0.0383,0.9993,0,0,2.3749,0.0639,1]},
{"frame":91,"values":[1,0,0,0,0,0.9991,-0.0424,0,0,0.0424,0.9991,0,0,2.3749,0.0639,1]},
{"frame":92,"values":[1,0,0,0,0,0.9989,-0.0463,0,0,0.0463,0.9989,0,0,2.3749,0.0639,1]},
{"frame":93,"values":[1,0,0,0,0,0.9988,-0.0499,0,0,0.0499,0.9988,0,0,2.3749,0.0639,1]},
{"frame":94,"values":[1,0,0,0,0,0.9986,-0.0533,0,0,0.0533,0.9986,0,0,2.3749,0.0639,1]},
{"frame":95,"values":[1,0,0,0,0,0.9984,-0.0564,0,0,0.0564,0.9984,0,0,2.3749,0.0639,1]},
{"frame":96,"values":[1,0,0,0,0,0.9982,-0.0592,0,0,0.0592,0.9982,0,0,2.3749,0.0639,1]},
{"frame":97,"values":[1,0,0,0,0,0.9981,-0.0617,0,0,0.0617,0.9981,0,0,2.3749,0.0639,1]},
{"frame":98,"values":[1,0,0,0,0,0.998,-0.0638,0,0,0.0638,0.998,0,0,2.3749,0.0639,1]},
{"frame":99,"values":[1,0,0,0,0,0.9978,-0.0656,0,0,0.0656,0.9978,0,0,2.3749,0.0639,1]},
{"frame":100,"values":[1,0,0,0,0,0.9978,-0.067,0,0,0.067,0.9978,0,0,2.3749,0.0639,1]},
{"frame":101,"values":[1,0,0,0,0,0.9977,-0.0681,0,0,0.0681,0.9977,0,0,2.3749,0.0639,1]},
{"frame":102,"values":[1,0,0,0,0,0.9976,-0.0687,0,0,0.0687,0.9976,0,0,2.3749,0.0639,1]},
{"frame":103,"values":[1,0,0,0,0,0.9976,-0.0689,0,0,0.0689,0.9976,0,0,2.3749,0.0639,1]},
{"frame":104,"values":[1,0,0,0,0,0.9976,-0.0686,0,0,0.0686,0.9976,0,0,2.3749,0.0639,1]},
{"frame":105,"values":[1,0,0,0,0,0.9977,-0.068,0,0,0.068,0.9977,0,0,2.3749,0.0639,1]},
{"frame":106,"values":[1,0,0,0,0,0.9978,-0.0668,0,0,0.0668,0.9978,0,0,2.3749,0.0639,1]},
{"frame":107,"values":[1,0,0,0,0,0.9979,-0.0652,0,0,0.0652,0.9979,0,0,2.3749,0.0639,1]},
{"frame":108,"values":[1,0,0,0,0,0.998,-0.0632,0,0,0.0632,0.998,0,0,2.3749,0.0639,1]},
{"frame":109,"values":[1,0,0,0,0,0.9982,-0.0606,0,0,0.0606,0.9982,0,0,2.3749,0.0639,1]},
{"frame":110,"values":[1,0,0,0,0,0.9983,-0.0576,0,0,0.0576,0.9983,0,0,2.3749,0.0639,1]},
{"frame":111,"values":[1,0,0,0,0,0.9985,-0.0541,0,0,0.0541,0.9985,0,0,2.3749,0.0639,1]},
{"frame":112,"values":[1,0,0,0,0,0.9987,-0.05,0,0,0.05,0.9987,0,0,2.3749,0.0639,1]},
{"frame":113,"values":[1,0,0,0,0,0.999,-0.0455,0,0,0.0455,0.999,0,0,2.3749,0.0639,1]},
{"frame":114,"values":[1,0,0,0,0,0.9992,-0.0405,0,0,0.0405,0.9992,0,0,2.3749,0.0639,1]},
{"frame":115,"values":[1,0,0,0,0,0.9994,-0.035,0,0,0.035,0.9994,0,0,2.3749,0.0639,1]},
{"frame":116,"values":[1,0,0,0,0,0.9996,-0.029,0,0,0.029,0.9996,0,0,2.3749,0.0639,1]},
{"frame":117,"values":[1,0,0,0,0,0.9997,-0.0225,0,0,0.0225,0.9997,0,0,2.3749,0.0639,1]},
{"frame":118,"values":[1,0,0,0,0,0.9999,-0.0155,0,0,0.0155,0.9999,0,0,2.3749,0.0639,1]},
{"frame":119,"values":[1,0,0,0,0,1,-0.008,0,0,0.008,1,0,0,2.3749,0.0639,1]},
{"frame":120,"values":[1,0,0,0,0,1,0,0,0,0,1,0,0,2.3749,0.0639,1]}],"loopBehavior":1,"name":"anim","property":"_matrix"}},
{"name":"tissu1","index":4,"matrix":[1,0,0,0,0,1,0,0,0,0,1,0,-1.5207,0.9961,2.2844,1],"rest":[1,0,0,0,0,1,0,0,0,0,1,0,-1.5207,0.9955,2.2844,1],"parentBoneIndex":1,"length":3.2425
,"animation":{"dataType":3,"framePerSecond":50,"keys":[
{"frame":0,"values":[1,0,0,0,0,0.8257,-0.5641,0,0,0.5641,0.8257,0,-1.5207,0.9955,2.2896,1]},
{"frame":1,"values":[0.9923,-0.0648,-0.1058,0,0.0187,0.921,-0.389,0,0.1226,0.3841,0.9151,0,-1.5207,0.9663,2.1415,1]},
{"frame":2,"values":[0.9776,-0.1022,-0.1839,0,0.0567,0.9697,-0.2375,0,0.2026,0.2217,0.9538,0,-1.5207,0.9411,2.0097,1]},
{"frame":3,"values":[0.9632,-0.1231,-0.2389,0,0.099,0.9889,-0.1104,0,0.2499,0.0827,0.9647,0,-1.5207,0.9204,1.8958,1]},
{"frame":4,"values":[0.9518,-0.1342,-0.2759,0,0.1382,0.9904,-0.0051,0,0.274,-0.0332,0.9612,0,-1.5207,0.9044,1.8015,1]},
{"frame":5,"values":[0.9441,-0.1393,-0.2989,0,0.1707,0.9819,0.0817,0,0.2821,-0.1282,0.9508,0,-1.5207,0.8934,1.7284,1]},
{"frame":6,"values":[0.94,-0.1404,-0.311,0,0.1954,0.9687,0.1533,0,0.2797,-0.2049,0.938,0,-1.5207,0.8878,1.6786,1]},
{"frame":7,"values":[0.939,-0.1391,-0.3146,0,0.2124,0.9539,0.2123,0,0.2705,-0.2661,0.9252,0,-1.5207,0.8879,1.6539,1]},
{"frame":8,"values":[0.9405,-0.1359,-0.3114,0,0.222,0.9396,0.2605,0,0.2572,-0.3142,0.9139,0,-1.5207,0.8943,1.6563,1]},
{"frame":9,"values":[0.9439,-0.1313,-0.303,0,0.2252,0.9271,0.2995,0,0.2416,-0.351,0.9047,0,-1.5207,0.9072,1.6874,1]},
{"frame":10,"values":[0.9486,-0.1258,-0.2904,0,0.2228,0.9172,0.3303,0,0.2248,-0.378,0.8981,0,-1.5207,0.9271,1.7483,1]},
{"frame":11,"values":[0.9541,-0.1196,-0.2745,0,0.2158,0.9102,0.3535,0,0.2076,-0.3966,0.8942,0,-1.5207,0.9542,1.8391,1]},
{"frame":12,"values":[0.96,-0.1129,-0.2562,0,0.2052,0.9062,0.3697,0,0.1904,-0.4075,0.8932,0,-1.5207,0.9889,1.9585,1]},
{"frame":13,"values":[0.966,-0.1057,-0.236,0,0.1916,0.9053,0.379,0,0.1736,-0.4113,0.8948,0,-1.5207,1.031,2.1027,1]},
{"frame":14,"values":[0.9718,-0.0983,-0.2145,0,0.176,0.9074,0.3815,0,0.1572,-0.4085,0.8991,0,-1.5207,1.0802,2.2656,1]},
{"frame":15,"values":[0.9771,-0.0908,-0.1924,0,0.159,0.9123,0.3774,0,0.1413,-0.3994,0.9058,0,-1.5207,1.1357,2.4386,1]},
{"frame":16,"values":[0.9819,-0.0831,-0.17,0,0.1413,0.9196,0.3665,0,0.1259,-0.3839,0.9148,0,-1.5207,1.1958,2.6111,1]},
{"frame":17,"values":[0.9861,-0.0754,-0.1478,0,0.1233,0.9291,0.3486,0,0.111,-0.362,0.9255,0,-1.5207,1.2579,2.7724,1]},
{"frame":18,"values":[0.9897,-0.0677,-0.1262,0,0.1056,0.9403,0.3236,0,0.0967,-0.3335,0.9378,0,-1.5207,1.3186,2.913,1]},
{"frame":19,"values":[0.9926,-0.06,-0.1054,0,0.0885,0.9526,0.2911,0,0.083,-0.2983,0.9509,0,-1.5207,1.3735,3.0258,1]},
{"frame":20,"values":[0.9949,-0.0524,-0.0859,0,0.0725,0.9653,0.2509,0,0.0698,-0.2559,0.9642,0,-1.5207,1.4183,3.1066,1]},
{"frame":21,"values":[0.9967,-0.0448,-0.0679,0,0.0578,0.9775,0.2027,0,0.0572,-0.206,0.9769,0,-1.5207,1.4491,3.1533,1]},
{"frame":22,"values":[0.998,-0.0374,-0.0515,0,0.0446,0.9882,0.1463,0,0.0455,-0.1483,0.9879,0,-1.5207,1.4631,3.1663,1]},
{"frame":23,"values":[0.9989,-0.0301,-0.0371,0,0.0331,0.9961,0.0814,0,0.0345,-0.0826,0.996,0,-1.5207,1.459,3.1467,1]},
{"frame":24,"values":[0.9994,-0.0232,-0.0249,0,0.0234,0.9997,0.0082,0,0.0247,-0.0087,0.9997,0,-1.5207,1.4368,3.0967,1]},
{"frame":25,"values":[0.9997,-0.0167,-0.0149,0,0.0156,0.9972,-0.0733,0,0.0161,0.073,0.9972,0,-1.5207,1.3974,3.0185,1]},
{"frame":26,"values":[0.9999,-0.0109,-0.0073,0,0.0096,0.9867,-0.1623,0,0.009,0.1622,0.9867,0,-1.5207,1.3423,2.9145,1]},
{"frame":27,"values":[1,-0.0061,-0.0021,0,0.0053,0.9662,-0.2577,0,0.0036,0.2577,0.9662,0,-1.5207,1.2729,2.7871,1]},
{"frame":28,"values":[1,-0.0024,0.0007,0,0.0025,0.9337,-0.3581,0,0.0002,0.3581,0.9337,0,-1.5207,1.191,2.6383,1]},
{"frame":29,"values":[1,-0.0003,0.0013,0,0.0009,0.8873,-0.4612,0,-0.001,0.4612,0.8873,0,-1.5207,1.0981,2.4702,1]},
{"frame":30,"values":[1,0,0,0,0,0.8257,-0.5641,0,0,0.5641,0.8257,0,-1.5207,0.9955,2.2844,1]},
{"frame":40,"values":[1,0,0,0,0,1,0,0,0,0,1,0,-1.5207,0.9955,2.2844,1]},
{"frame":41,"values":[1,0,0,0,0,1,0,0,0,0,1,0,-1.5207,0.9724,2.2844,1]},
{"frame":42,"values":[1,0,0,0,0,1,0,0,0,0,1,0,-1.5207,0.9499,2.2844,1]},
{"frame":43,"values":[1,0,0,0,0,1,0,0,0,0,1,0,-1.5207,0.9278,2.2844,1]},
{"frame":44,"values":[1,0,0,0,0,1,0,0,0,0,1,0,-1.5207,0.9064,2.2844,1]},
{"frame":45,"values":[1,0,0,0,0,1,0,0,0,0,1,0,-1.5207,0.8854,2.2844,1]},
{"frame":46,"values":[1,0,0,0,0,1,0,0,0,0,1,0,-1.5207,0.865,2.2844,1]},
{"frame":47,"values":[1,0,0,0,0,1,0,0,0,0,1,0,-1.5207,0.8452,2.2844,1]},
{"frame":48,"values":[1,0,0,0,0,1,0,0,0,0,1,0,-1.5207,0.8259,2.2844,1]},
{"frame":49,"values":[1,0,0,0,0,1,0,0,0,0,1,0,-1.5207,0.8072,2.2844,1]},
{"frame":50,"values":[1,0,0,0,0,1,0,0,0,0,1,0,-1.5207,0.7891,2.2844,1]},
{"frame":51,"values":[1,0,0,0,0,1,0,0,0,0,1,0,-1.5207,0.7716,2.2844,1]},
{"frame":52,"values":[1,0,0,0,0,1,0,0,0,0,1,0,-1.5207,0.7547,2.2844,1]},
{"frame":53,"values":[1,0,0,0,0,1,0,0,0,0,1,0,-1.5207,0.7385,2.2844,1]},
{"frame":54,"values":[1,0,0,0,0,1,0,0,0,0,1,0,-1.5207,0.7228,2.2844,1]},
{"frame":55,"values":[1,0,0,0,0,1,0,0,0,0,1,0,-1.5207,0.7078,2.2844,1]},
{"frame":56,"values":[1,0,0,0,0,1,0,0,0,0,1,0,-1.5207,0.6934,2.2844,1]},
{"frame":57,"values":[1,0,0,0,0,1,0,0,0,0,1,0,-1.5207,0.6797,2.2844,1]},
{"frame":58,"values":[1,0,0,0,0,1,0,0,0,0,1,0,-1.5207,0.6666,2.2844,1]},
{"frame":59,"values":[1,0,0,0,0,1,0,0,0,0,1,0,-1.5207,0.6543,2.2844,1]},
{"frame":60,"values":[1,0,0,0,0,1,0,0,0,0,1,0,-1.5207,0.6426,2.2844,1]},
{"frame":61,"values":[1,0,0,0,0,1,0,0,0,0,1,0,-1.5207,0.6316,2.2844,1]},
{"frame":62,"values":[1,0,0,0,0,1,0,0,0,0,1,0,-1.5207,0.6214,2.2844,1]},
{"frame":63,"values":[1,0,0,0,0,1,0,0,0,0,1,0,-1.5207,0.6118,2.2844,1]},
{"frame":64,"values":[1,0,0,0,0,1,0,0,0,0,1,0,-1.5207,0.603,2.2844,1]},
{"frame":65,"values":[1,0,0,0,0,1,0,0,0,0,1,0,-1.5207,0.595,2.2844,1]},
{"frame":66,"values":[1,0,0,0,0,1,0,0,0,0,1,0,-1.5207,0.5877,2.2844,1]},
{"frame":67,"values":[1,0,0,0,0,1,0,0,0,0,1,0,-1.5207,0.5812,2.2844,1]},
{"frame":68,"values":[1,0,0,0,0,1,0,0,0,0,1,0,-1.5207,0.5754,2.2844,1]},
{"frame":69,"values":[1,0,0,0,0,1,0,0,0,0,1,0,-1.5207,0.5705,2.2844,1]},
{"frame":70,"values":[1,0,0,0,0,1,0,0,0,0,1,0,-1.5207,0.5664,2.2844,1]},
{"frame":71,"values":[1,0,0,0,0,1,0,0,0,0,1,0,-1.5207,0.5631,2.2844,1]},
{"frame":72,"values":[1,0,0,0,0,1,0,0,0,0,1,0,-1.5207,0.5607,2.2844,1]},
{"frame":73,"values":[1,0,0,0,0,1,0,0,0,0,1,0,-1.5207,0.5591,2.2844,1]},
{"frame":74,"values":[1,0,0,0,0,1,0,0,0,0,1,0,-1.5207,0.5583,2.2844,1]},
{"frame":75,"values":[1,0,0,0,0,1,0,0,0,0,1,0,-1.5207,0.5584,2.2844,1]},
{"frame":76,"values":[1,0,0,0,0,1,0,0,0,0,1,0,-1.5207,0.5595,2.2844,1]},
{"frame":77,"values":[1,0,0,0,0,1,0,0,0,0,1,0,-1.5207,0.5614,2.2844,1]},
{"frame":78,"values":[1,0,0,0,0,1,0,0,0,0,1,0,-1.5207,0.5642,2.2844,1]},
{"frame":79,"values":[1,0,0,0,0,1,0,0,0,0,1,0,-1.5207,0.5679,2.2844,1]},
{"frame":80,"values":[1,0,0,0,0,1,0,0,0,0,1,0,-1.5207,0.5726,2.2844,1]},
{"frame":81,"values":[1,0,0,0,0,1,0,0,0,0,1,0,-1.5207,0.5782,2.2844,1]},
{"frame":82,"values":[1,0,0,0,0,1,0,0,0,0,1,0,-1.5207,0.5847,2.2844,1]},
{"frame":83,"values":[1,0,0,0,0,1,0,0,0,0,1,0,-1.5207,0.5922,2.2844,1]},
{"frame":84,"values":[1,0,0,0,0,1,0,0,0,0,1,0,-1.5207,0.6006,2.2844,1]},
{"frame":85,"values":[1,0,0,0,0,1,0,0,0,0,1,0,-1.5207,0.61,2.2844,1]},
{"frame":86,"values":[1,0,0,0,0,1,0,0,0,0,1,0,-1.5207,0.6203,2.2844,1]},
{"frame":87,"values":[1,0,0,0,0,1,0,0,0,0,1,0,-1.5207,0.6316,2.2844,1]},
{"frame":88,"values":[1,0,0,0,0,1,0,0,0,0,1,0,-1.5207,0.6438,2.2844,1]},
{"frame":89,"values":[1,0,0,0,0,1,0,0,0,0,1,0,-1.5207,0.6569,2.2844,1]},
{"frame":90,"values":[1,0,0,0,0,1,0,0,0,0,1,0,-1.5207,0.671,2.2844,1]},
{"frame":91,"values":[1,0,0,0,0,1,0,0,0,0,1,0,-1.5207,0.6859,2.2844,1]},
{"frame":92,"values":[1,0,0,0,0,1,0,0,0,0,1,0,-1.5207,0.7018,2.2844,1]},
{"frame":93,"values":[1,0,0,0,0,1,0,0,0,0,1,0,-1.5207,0.7184,2.2844,1]},
{"frame":94,"values":[1,0,0,0,0,1,0,0,0,0,1,0,-1.5207,0.7359,2.2844,1]},
{"frame":95,"values":[1,0,0,0,0,1,0,0,0,0,1,0,-1.5207,0.7541,2.2844,1]},
{"frame":96,"values":[1,0,0,0,0,1,0,0,0,0,1,0,-1.5207,0.773,2.2844,1]},
{"frame":97,"values":[1,0,0,0,0,1,0,0,0,0,1,0,-1.5207,0.7925,2.2844,1]},
{"frame":98,"values":[1,0,0,0,0,1,0,0,0,0,1,0,-1.5207,0.8126,2.2844,1]},
{"frame":99,"values":[1,0,0,0,0,1,0,0,0,0,1,0,-1.5207,0.8331,2.2844,1]},
{"frame":100,"values":[1,0,0,0,0,1,0,0,0,0,1,0,-1.5207,0.854,2.2844,1]},
{"frame":101,"values":[1,0,0,0,0,1,0,0,0,0,1,0,-1.5207,0.875,2.2844,1]},
{"frame":102,"values":[1,0,0,0,0,1,0,0,0,0,1,0,-1.5207,0.8962,2.2844,1]},
{"frame":103,"values":[1,0,0,0,0,1,0,0,0,0,1,0,-1.5207,0.9172,2.2844,1]},
{"frame":104,"values":[1,0,0,0,0,1,0,0,0,0,1,0,-1.5207,0.9379,2.2844,1]},
{"frame":105,"values":[1,0,0,0,0,1,0,0,0,0,1,0,-1.5207,0.9581,2.2844,1]},
{"frame":106,"values":[1,0,0,0,0,1,0,0,0,0,1,0,-1.5207,0.9776,2.2844,1]},
{"frame":107,"values":[1,0,0,0,0,1,0,0,0,0,1,0,-1.5207,0.9961,2.2844,1]},
{"frame":108,"values":[1,0,0,0,0,1,0,0,0,0,1,0,-1.5207,1.0133,2.2844,1]},
{"frame":109,"values":[1,0,0,0,0,1,0,0,0,0,1,0,-1.5207,1.0289,2.2844,1]},
{"frame":110,"values":[1,0,0,0,0,1,0,0,0,0,1,0,-1.5207,1.0426,2.2844,1]},
{"frame":111,"values":[1,0,0,0,0,1,0,0,0,0,1,0,-1.5207,1.0541,2.2844,1]},
{"frame":112,"values":[1,0,0,0,0,1,0,0,0,0,1,0,-1.5207,1.0629,2.2844,1]},
{"frame":113,"values":[1,0,0,0,0,1,0,0,0,0,1,0,-1.5207,1.0686,2.2844,1]},
{"frame":114,"values":[1,0,0,0,0,1,0,0,0,0,1,0,-1.5207,1.0711,2.2844,1]},
{"frame":115,"values":[1,0,0,0,0,1,0,0,0,0,1,0,-1.5207,1.0697,2.2844,1]},
{"frame":116,"values":[1,0,0,0,0,1,0,0,0,0,1,0,-1.5207,1.0643,2.2844,1]},
{"frame":117,"values":[1,0,0,0,0,1,0,0,0,0,1,0,-1.5207,1.0544,2.2844,1]},
{"frame":118,"values":[1,0,0,0,0,1,0,0,0,0,1,0,-1.5207,1.0398,2.2844,1]},
{"frame":119,"values":[1,0,0,0,0,1,0,0,0,0,1,0,-1.5207,1.0203,2.2844,1]},
{"frame":120,"values":[1,0,0,0,0,1,0,0,0,0,1,0,-1.5207,0.9955,2.2844,1]}],"loopBehavior":1,"name":"anim","property":"_matrix"}},
{"name":"tissu3","index":5,"matrix":[1,0,0,0,0,1,0,0,0,0,1,0,-3.7516,-0.3861,0.0593,1],"rest":[1,0,0,0,0,1,0,0,0,0,1,0,-3.7516,-0.2942,0.0868,1],"parentBoneIndex":1,"length":3.2425
,"animation":{"dataType":3,"framePerSecond":50,"keys":[
{"frame":0,"values":[1,0.0016,0.0016,0,-0.0004,0.8255,-0.5644,0,-0.0022,0.5644,0.8255,0,-3.7516,-0.378,0.0593,1]},
{"frame":1,"values":[0.9967,-0.0537,-0.0617,0,0.0258,0.9221,-0.3861,0,0.0776,0.3832,0.9204,0,-3.7516,-0.4089,-0.0915,1]},
{"frame":2,"values":[0.9873,-0.0944,-0.1279,0,0.0629,0.9708,-0.2314,0,0.146,0.2204,0.9644,0,-3.7516,-0.4357,-0.2257,1]},
{"frame":3,"values":[0.9743,-0.1219,-0.1892,0,0.104,0.9893,-0.1021,0,0.1996,0.0798,0.9766,0,-3.7516,-0.4579,-0.3418,1]},
{"frame":4,"values":[0.9608,-0.1384,-0.2404,0,0.1435,0.9896,0.0038,0,0.2374,-0.0381,0.9707,0,-3.7516,-0.4754,-0.4381,1]},
{"frame":5,"values":[0.9493,-0.1463,-0.2783,0,0.1774,0.98,0.0899,0,0.2596,-0.1347,0.9563,0,-3.7516,-0.4878,-0.5128,1]},
{"frame":6,"values":[0.9418,-0.148,-0.3018,0,0.2032,0.9659,0.1604,0,0.2678,-0.2124,0.9398,0,-3.7516,-0.4946,-0.5639,1]},
{"frame":7,"values":[0.9391,-0.1452,-0.3115,0,0.2195,0.9508,0.2186,0,0.2644,-0.2737,0.9248,0,-3.7516,-0.4955,-0.5895,1]},
{"frame":8,"values":[0.9408,-0.139,-0.3091,0,0.2262,0.9368,0.267,0,0.2524,-0.3211,0.9128,0,-3.7516,-0.4901,-0.5876,1]},
{"frame":9,"values":[0.9458,-0.1306,-0.2973,0,0.2242,0.925,0.3069,0,0.2349,-0.3569,0.9041,0,-3.7516,-0.478,-0.5565,1]},
{"frame":10,"values":[0.9527,-0.1206,-0.2789,0,0.2152,0.9159,0.3389,0,0.2146,-0.3829,0.8985,0,-3.7516,-0.4587,-0.4951,1]},
{"frame":11,"values":[0.9603,-0.1099,-0.2565,0,0.2012,0.9097,0.3632,0,0.1934,-0.4004,0.8957,0,-3.7516,-0.432,-0.4034,1]},
{"frame":12,"values":[0.9677,-0.0992,-0.2319,0,0.184,0.9065,0.3801,0,0.1725,-0.4104,0.8954,0,-3.7516,-0.3976,-0.2827,1]},
{"frame":13,"values":[0.9744,-0.0888,-0.2067,0,0.1652,0.9061,0.3895,0,0.1527,-0.4137,0.8975,0,-3.7516,-0.3556,-0.1368,1]},
{"frame":14,"values":[0.9802,-0.0789,-0.1817,0,0.1458,0.9085,0.3917,0,0.1342,-0.4104,0.902,0,-3.7516,-0.3063,0.028,1]},
{"frame":15,"values":[0.985,-0.0698,-0.1578,0,0.1267,0.9134,0.3867,0,0.1171,-0.4009,0.9086,0,-3.7516,-0.2508,0.2028,1]},
{"frame":16,"values":[0.9889,-0.0614,-0.1352,0,0.1084,0.9208,0.3747,0,0.1015,-0.3852,0.9172,0,-3.7516,-0.1906,0.3772,1]},
{"frame":17,"values":[0.992,-0.0536,-0.1143,0,0.0912,0.9302,0.3556,0,0.0872,-0.3631,0.9276,0,-3.7516,-0.1285,0.5402,1]},
{"frame":18,"values":[0.9944,-0.0465,-0.0951,0,0.0755,0.9412,0.3292,0,0.0742,-0.3345,0.9395,0,-3.7516,-0.068,0.6823,1]},
{"frame":19,"values":[0.9962,-0.0399,-0.0777,0,0.0612,0.9534,0.2955,0,0.0623,-0.2991,0.9522,0,-3.7516,-0.0135,0.7965,1]},
{"frame":20,"values":[0.9975,-0.0337,-0.0622,0,0.0485,0.966,0.2541,0,0.0515,-0.2565,0.9652,0,-3.7516,0.0308,0.8783,1]},
{"frame":21,"values":[0.9984,-0.028,-0.0486,0,0.0374,0.9781,0.2049,0,0.0417,-0.2064,0.9776,0,-3.7516,0.0612,0.926,1]},
